0 0.522214 0.171501 0.115300 0.106483
0 0.656554 0.159788 0.113184 0.100094
0 0.793010 0.205043 0.113184 0.103288
0 0.777143 0.310461 0.115300 0.101159
0 0.717295 0.421598 0.116650 0.107401
0 0.676397 0.538664 0.115938 0.108117
0 0.586420 0.642843 0.118072 0.127449
0 0.469771 0.573748 0.125185 0.113845
0 0.522761 0.472792 0.117361 0.112413
0 0.594956 0.375415 0.110959 0.102389
0 0.643323 0.267299 0.115227 0.099525
0 0.365568 0.478162 0.123051 0.115993
0 0.428161 0.386155 0.118783 0.110981
0 0.496088 0.298087 0.120917 0.108117
0 0.406823 0.221474 0.110248 0.105253
0 0.336762 0.299877 0.120917 0.097377