0 0.429408 0.153176 0.180441 0.166986
0 0.648646 0.136180 0.182849 0.169214
0 0.885101 0.205226 0.184685 0.170913
0 0.852961 0.370937 0.167459 0.154972
0 0.755395 0.546208 0.195619 0.181031
0 0.681933 0.724665 0.185851 0.171992
0 0.525826 0.881878 0.193233 0.178824
0 0.342172 0.777778 0.191480 0.177201
0 0.442034 0.632250 0.184485 0.170728
0 0.548783 0.480348 0.190210 0.176026
0 0.631428 0.308264 0.176693 0.163517
0 0.383494 0.353941 0.175871 0.162756
0 0.274449 0.494158 0.176410 0.163255
0 0.168848 0.633312 0.192960 0.178571
0 0.111455 0.358190 0.182749 0.169121
0 0.235422 0.231782 0.175210 0.162145